20 25
11 13
461 317  95 206 480 300 452  70 438 320 474  98 135  75 476 427  56  74 295 285 335 303 489 444 112 
 26 375  27 163 115 390 121 411  92  50 495 473  29 443 398 330   5 416 182 149 447 371  31 393 438 
394 430 458  93 486 396 271 109 317 202 169 237 353 180  51  45 250 131 225 385 298 160  21  14 192 
450 369 390 376 444 379 151 458 251 499 451  76 284  15 383 489 212 126  12 204 266 420 387  95 496 
312 315 369 306 276 454  12  92  57  10 469 305 464 248 266 110 366 379 297  32 319 232 495 471 308 
169 270 262 245  47 151 214 201 314 173 481  61 328 240 225 375  84 266 337 458 353  86  92 160 281 
342 100 173 103 301  95  76 193 220 134  10 366 243 472 104 149 244  51 372 304 443 380 241 229 485 
 71  59 185  20  13 279 234 225 229 465 226 399   2 333 105   2 435 408 401 360 452 436 264 261 489 
278 254 346 279 393  63  74 494 144 173 408  59 215 280 457  74   7 251 300 383 407 185  57 121 470 
266 339 197 272  82 300  71 386 242  82  97 175 338 421  11  17 296  76  37  82 406 275 223 353 481 
167  53 458 442 345  15  21  22 462  70 113 367 358 443 458 368  46 299 304  17 200  27 375 491  94 
174  98 333 373 336   6 444  25  28  32 397  58 399 498 495 134 323 461 243 437 300  25 277  81 299 
198 127 160  19 295   4  87 459 271 208  78 342 205 354  64 382 368 112 261   9 327 105 119 396 177 
306 216 426 160 422 324 127 182 330  69 452 279 427 226 311 268 276  35 111 494  51 115 141   3 113 
 66 160 109  65 341  10  55 260 379 242 460  11 374  96  71 418 113 381  74  85 396 206 478 309 407 
279 137 422 279 408 362 281 204 200 448 257 263 489 222 470 198 144 179 390 422 373 267 199 100  88 
383 368 378  20 166 104 146  22 209  90 416 183  66 255 172 407  74  62 371 448 217  93 195  19  55 
298 352 247 206 269 143  50 275 472 234 328 344  39 381 339 273 413  53 122 320 297 455  41 356 184 
378 469  58  12 359 473 189 251 256 104 267 375 180 289 360 226 163 497 165 473 112 347 163 388 352 
328 349 167  94 171  30 388 248  83  37 359 408 333 459  87  86 465 341 129 467 463 296 365 375 274 
