20 20
88 72  9 76 33 82 31 27 30 48 32 31 99 98 75 96 21 72 11 40 
23 87 21 44  1 60 84 65 58 50 80 18 73 41 61 21 88 22 31 91 
21 33 19 72 67 67  6 88  1 86 64 65 83 84 24 18  4 52 60 40 
43  9 44 78 14 59 30 43 44 44 63 26 10 95 67 76 40 84 76  8 
37 12 21 68  4 77 24  2 94 98 95 92 42 55 18 25 55 53 75 95 
78 70 52 44 31  1 20 42 29 50 87 25 91 58 83 49 84 82 35 37 
36 87 22 22 69 12 49 76 59 61  7 16  4 99 80 13 89 34 84 77 
44 32 26 42 88 57 32 60 44 31 64  4 81 28 44 15 11 50 57 75 
57 30 87 36 86 42  4 74 90 40  6 11 46 64  4 85 40 76 17 56 
50 99 77 12 97 44 26 67 77 12 89 18 20  5 97 56 83  1 92 19 
91 66 15 24 25 83 20 42 66 55 88 25 29  9  9 90 54 18 52 36 
84 70 56  6 74 91 22 19 37 37 15 84  6 95 89 84  4 13 45 70 
 3  1 16 73 18 59 53 77 74 67 64 49 47 68 10 53 86 80 30 86 
 9 78 73 61 36 63 59 23 93 85 77 16  1 86 10 10  5 25 83 56 
60 43 60 64 82 22 35 24 45  5 63 50 66 16 73 50 16 75 35 19 
 9 35 40 65 12 39 38 94 82 73 38 40 35 42 93 15 55 74 11 42 
35  4 66 62 86 25 58 59 55 85 81 38 70  7 40 85 73 63 62  7 
96 44 86 21 62 49 77 46 57 88 91  9 60 38 60 74 79 14 24 23 
58 30 83 95 21 66 50 69 88 14 10 16 10 20 47 35 53 14 66 66 
84 79 76 40 85 13 66 76 93 40 52 63 36 24 98 90 33 41 98 87 
