237
91
67
81
74
75
66
55
74
85
62
90
86
87
84
87
80
91
75
70
90
99
91
88
84
84
70
93
93
96
94
90
92
70
85
73
62
79
62
94
71
84
87
90
96
65
81
93
63
90
56
72
81
94
72
55
59
96
88
99
70
97
67
99
85
94
84
96
79
56
84
63
74
89
62
57
72
90
63
96
70
55
60
71
55
60
64
63
74
73
61
80
84
96
82
85
89
68
71
77
61
78
60
96
80
89
69
89
95
68
73
68
75
88
72
90
91
67
89
77
90
65
93
61
66
82
99
75
78
99
69
79
98
77
75
80
67
72
94
86
89
69
61
64
96
94
55
65
80
66
93
68
94
66
79
66
92
80
67
66
93
80
61
71
99
59
92
70
97
79
98
65
76
61
86
57
88
82
82
83
60
84
63
98
81
57
69
79
59
89
94
56
83
99
92
57
75
61
96
56
94
89
90
55
66
72
93
63
78
75
85
91
93
72
73
59
95
84
82
90
97
87
58
94
75
59
83
91
96
71
79
96
72
98
94
68
67
74
